Template: NONE
CeilingDrips: 0
RainIntensity: 0
RumbleIntensity: 0
Grime: 0.2065217
Palette: 213
EffectColorA: 8
EffectColorB: 9
Effects: FairyParticles-0.2065217-20-20, 
PlacedObjects: LightBeam><589.5782><620.8525><585~7~581~-461~12~-503~-691~-75~0.4108694~0~0.8043478~1~None~0~0, LightBeam><416.1941><642.5481><488~0~499~-29~-11~-118~-603~-193~0.3782607~0~0.8043478~1~None~0~0, LightBeam><684.9453><413.9566><532~65~552~-100~-14~-321~-814~-67~0.05217378~0~0.8043478~1~None~0~0, LightSource><1161.208><431.8045><0.1413043~Environment~-252~227~-1379~-269.3975~1~1~None~0~0, LightBeam><632.874><581.8431><547~52~548~-63~-2~-149~-828~-349~0.05217378~0~0.8043478~1~None~0~0, LightSource><279.6887><576.1839><0.5760869~Environment~154~-41~-189~-468.3975~0~0~None~0~0, LightSource><172.1995><148.4863><0.6847826~Environment~169~28~-248~-116.3975~0~0~None~0~0, LightBeam><352.8342><1078.431><-6~-121~48~-117~40~0~-445~53~0.7695651~0~1~0~None~0~0, LightBeam><276.6085><1072.109><-6~-95~46~-101~40~0~-344~187~0.747826~0~1~0~None~0~0, LightSource><594.4298><988.9124><0.3913043~Environment~-129~46~50~86.60254~0~0~None~0~0, CustomDecal><101.3043><88.29142><-12~649~1161~644~1149~-58~89~-313~0~0.6413044~0~RustB1~0.7173913~1~0.3586957~1~0.1630435~1~0.5760869~1, CustomDecal><782.3694><237.0985><4~305~298~300~296~8~-316~-458~0.01086957~0.05434782~0~RoundBlack~0.5978261~1~0.5978261~1~0.5978261~1~0.5978261~1, CustomDecal><184.51><139.1997><-41~568~943~600~954~-47~556~-352~0.4021739~1~0~BlackRust1~0.4673913~1~0.4673913~1~0.4673913~1~0.4673913~1, ClimbableArc><767.3151><292.6738><0;0^-39;15^2;101^-53;72, ClimbableArc><638.6154><504.9134><0;0^8;39^-73;114^9;111, ClimbableArc><775.3002><409.7598><0;0^-113;-46^-138;95^-148;51, ClimbableArc><527.6959><247.7097><0;0^52;12^89;81^65;39, ClimbableArc><601.4344><236.939><0;0^-13;156^169;158^84;94, CustomDecal><358.4584><654.9457><-67~273~298~284~225~-2~-488~158~0.3695652~1~0~BlackRust1~0.6956522~1~0.6956522~1~0.6956522~1~0.6956522~1, DangleFruit><709.3372><527.4301><-137~-21~2~3, DangleFruit><673.6912><576.9413><-83~9~2~3, DangleFruit><327.6975><575.9685><0~0~2~3, CustomDecal><161.6639><219.1354><-7~346~882~330~930~-28~-24~34~0.6413044~0.6739131~0~Long Tag~0.3478261~0.05434782~0.3478261~0.05434782~0.3478261~0.05434782~0.3478261~0.05434782, CustomDecal><226.4387><300.3163><-45~326~835~322~872~-27~145~-209~0.2934783~0.5217391~0~BlackRust1~0.4891304~1~0.4891304~1~0.4891304~1~0.4891304~1, FairyParticleSettings><153.5523><897.3067><67~183.6602~0~1~1~0~1~1.448696~60~495.2173~18.26079~89.13056~5~30~0~360~0.3695652~0.5326087~0.1521739~0.2282609~0.05434782~0.423913~1~0.1195652~7.790894~Pixel~SIN_IO~SIN_IO~0~0~0, 
AmbientSounds: OMNI><AM_ENV-CityTone.ogg><43.9975><522.3><0.3152174><1, OMNI><AM_IND-Warehouse01.ogg><43.91504><446.887><0.3152174><1, SPOT><SO_IND-MechHum01.ogg><48.06335><332.1782><0.25><1><642.0634><1006.178><-93.35535><-42.35535><0><0.1326088, SPOT><AM_WIN-MedWind.ogg><228.3379><480.0703><0.2826087><1><1142.338><414.0703><-446.3553><-150.3553><0><0.1, 
