Template: NONE
RandomItemDensity: 0.8043478
RandomItemSpearChance: 0.5152173
Palette: 213
EffectColorB: 9
PlacedObjects: ClimbableArc><630.894><532.1387><0;0^-9;14^9;97^-28;69, ClimbableArc><471.9219><424.8979><0;0^-35;119^160;108^68;177, ClimbableArc><209.5604><410.0636><0;0^15;-77^162;-135^112;-135, ClimbableArc><275.6135><344.8538><0;0^26;-73^222;-28^115;-102, ClimbableArc><454.6044><217.8629><0;0^-11;125^269;87^183;192, ClimbableArc><841.6524><272.8254><0;0^-223;12^-209;260^-124;170, ClimbableArc><781.9275><380.9079><0;0^24;-11^98;-79^69;-31, ClimbableArc><916.95><248.0034><0;0^-89;92^-50;226^-14;111, ClimbableArc><959.6525><151.8254><0;0^-3;95^-194;67^-110;182, ClimbableArc><940.572><463.9088><0;0^5;-75^67;-122^53;-94, ClimbableArc><1009.559><337.9409><0;0^-8;35^22;125^-7;88, ClimbableArc><960.7604><147.1997><0;0^22;71^50;189^84;95, ClimbableArc><400.451><627.6939><0;0^4;-49^130;-66^82;-70, ClimbableArc><416.6314><490.3492><0;0^16;2^66;42^50;4, LightSource><329.1896><315.3093><0.2717391~Environment~367~-163~-93~-139.3975~1~1~None~0~0, LightBeam><875.3318><38.68253><412~608~559~612~277~0~10~-146~0.4869564~0.7717391~0~1~None~0~0, LightBeam><932><480><172~161~313~157~236~-54~-18~-161~0.4869564~0.7717391~0~1~None~0~0, LightBeam><772><478><172~161~319~163~229~-4~-18~-161~0.4434781~0.7717391~0~1~None~0~0, LightBeam><374><102><363~532~521~535~277~0~10~-146~0.4434781~0.7717391~0~1~None~0~0, LightBeam><198><116><363~532~521~535~277~0~10~-146~0.4326086~0.7717391~0~1~None~0~0, LightBeam><26><116><363~532~521~535~277~0~10~-146~0.4108694~0.7717391~0~1~None~0~0, CustomDecal><642.0529><68.53401><-41~605~815~596~840~-15~43~-76~0~0.1521739~1~rustb1~0.7608696~1~0.7608696~1~0.7608696~1~0.7608696~1, CustomDecal><8><478><-13~-525~1074~-528~1023~36~34~-321~0~0.4021739~1~rustb1~0.6521739~1~0.6521739~1~0.6521739~1~0.6521739~1, LightSource><685><550><0.2934783~Environment~176~-166~-535~-160.3975~1~1~None~0~0, LightSource><1208><518><0.2934783~Environment~-274~-170~-535~-160.3975~1~1~None~0~0, CustomDecal><-50><72.00002><-41~605~835~585~859~-39~43~-76~0~0.1630435~1~rustb2~1~1~0.7173913~1~0.7173913~1~0.7173913~1, CustomDecal><759.0811><116.6071><-1~356~298~349~299~-6~-647~47.99998~0.173913~1~0~dirt stains~1~0~1~0~1~0~1~0, CustomDecal><669><23.00002><-56~481~514~521~518~-23~-647~47.99998~0.5~1~1~runningwhite~0.2934783~1~0.8804348~1~0.423913~1~0.2934783~1, CustomDecal><290.1031><260.6357><-20~-387~1344~-393~1339~-1~-216~46~0.6413044~0.8152174~1~runningwhite~0.2065217~1~0.2065217~1~0.2065217~1~0.2065217~1, CustomDecal><968><272><-3~-497~-1363~-479~-1373~56~-599~-95~0.6413044~0.8152174~1~runningwhite~0.2173913~1~0.2173913~1~0.2173913~1~0.2173913~1, LightBeam><-62.05002><-10.74834><398~668~1361~652~1354~-2~0~0~0.4217393~0.7391304~0~1~None~0~0, MultiplayerItem><911.0634><157.6897><Spear~17.32051~-10~0.7065217, MultiplayerItem><949.8205><528.5883><Spear~17.32051~-10~0.7173913, MultiplayerItem><872.8774><154.658><Spear~-269.6795~-91~0.6086956, MultiplayerItem><417.1156><205.6632><Spear~17.32051~-10~0.7282609, MultiplayerItem><473.2><191.5001><Spear~-255.6795~-89~0.75, 
AmbientSounds: OMNI><AM_ENV-LightWind.ogg><768.358><524.3591><0.3695652><1, OMNI><AM_IND-Midsex02.ogg><772.839><602.1791><0.1521739><1, OMNI><AM_IND-Warehouse01.ogg><588.556><607.808><0.5><1, 
FadePalette: 10, 0
